Space:	basespace
Pairing:	Fragmented
Quality scale:	Illumina
Number of reads:	33887

Length distribution
Mean:	214.616873727
StdDev:	56.5252036752
Min:	53
25 percentile:	164
Median:	238
75 percentile:	259
Max:	763
Total:	33887

Quality distribution
pos	mean	stdev	min	25pct	50pct	75pct	max	count
1	34.7789417771	3.96342040638	13	35	36	37	40	33887
2	34.3391270989	4.5419238786	13	34	36	37	40	33887
3	33.9620503438	4.88006784496	13	34	36	37	40	33887
4	33.6425472895	5.16838342191	11	33	36	37	40	33887
5	33.39478266	5.37064129536	10	32	35	37	40	33887
6	33.2524566943	5.45015788809	10	32	35	37	40	33887
7	33.0878212884	5.57704971808	7	32	35	37	40	33887
8	32.9516923894	5.77578853804	7	32	35	37	40	33887
9	32.8828164193	5.88686061492	7	32	35	37	40	33887
10	32.821790067	5.94987023878	7	32	35	37	40	33887
11	32.8888659368	5.91958414037	8	32	35	37	40	33887
12	32.8833475964	5.94557114483	6	32	35	37	40	33887
13	32.9365833505	5.93792456739	6	32	35	37	40	33887
14	33.0055478502	5.89662605341	6	32	35	37	40	33887
15	33.0862572668	5.81695362522	6	32	35	37	40	33887
16	33.179891994	5.71942130281	6	32	35	37	40	33887
17	33.2281996046	5.66122511167	7	32	35	37	40	33887
18	33.2201729277	5.65052347695	6	32	35	37	40	33887
19	33.9912650869	5.98396757869	6	33	36	37	40	33887
20	33.9644111311	6.01667271688	6	33	36	37	40	33887
21	33.9812612506	5.9887732148	6	33	36	37	40	33887
22	33.9593649482	5.9902265654	6	33	36	37	40	33887
23	33.9350783486	6.04697221729	6	33	36	37	40	33887
24	33.9453182636	6.05485478312	6	33	36	37	40	33887
25	33.9921208723	5.97930902911	6	33	36	37	40	33887
26	33.8973647712	5.99900401606	6	33	36	37	40	33887
27	33.8856788739	5.99541700659	6	33	36	37	40	33887
28	33.7858765898	6.01644032364	6	33	36	37	40	33887
29	33.583055449	6.15333106231	6	32	36	37	40	33887
30	33.3638858559	6.26231637429	6	32	36	37	40	33887
31	33.0449139788	6.50229720943	6	31	36	37	40	33887
32	32.91433293	6.54515077421	6	31	36	37	40	33887
33	32.835748222	6.53294642325	6	31	35	37	40	33887
34	32.7174727772	6.57959023227	6	31	35	37	40	33887
35	32.5903738897	6.65518863267	6	31	35	37	40	33887
36	32.5567031605	6.62645884037	6	31	35	37	40	33887
37	32.6548824033	6.50853286919	6	31	35	37	40	33887
38	32.6084044029	6.5581484742	6	31	35	37	40	33887
39	32.6427538584	6.54536013589	6	31	35	37	40	33887
40	32.6869005813	6.53688027496	6	31	35	37	40	33887
41	32.7367722135	6.49047356269	6	31	35	37	40	33887
42	32.7858175702	6.46985177545	6	31	35	37	40	33887
43	32.8167143742	6.49569253526	6	31	35	37	40	33887
44	32.7399297666	6.59838753675	6	31	35	37	40	33887
45	32.7554224334	6.62531452634	6	31	36	37	40	33887
46	32.1606220675	6.35179943164	6	30	35	37	40	33887
47	32.2136217429	6.30853651894	6	30	35	37	40	33887
48	32.2719036799	6.26081942466	6	31	35	37	40	33887
49	32.4147608227	6.13468887726	6	31	35	37	40	33887
50	32.6116799953	6.00885920807	7	31	35	37	40	33887
51	32.8049694573	5.87153196849	6	32	35	37	40	33887
52	32.9184938177	5.83279605042	6	32	35	37	40	33887
53	32.9712279045	5.85919233184	6	32	35	37	40	33887
54	33.0889452871	5.78368084451	6	32	35	37	40	33886
55	33.1781856814	5.7226748443	6	32	35	37	40	33886
56	33.2833618604	5.65206607793	6	32	36	37	40	33886
57	33.4086938559	5.53853523488	6	33	36	37	40	33886
58	33.4488284247	5.50547440671	6	33	36	37	40	33886
59	33.5099451101	5.46952102815	6	33	36	37	40	33886
60	33.4926813433	5.48645207858	6	33	36	37	40	33886
61	33.5197131559	5.47597629759	6	33	36	37	40	33886
62	33.5511715753	5.4697439176	6	33	36	37	40	33886
63	33.6338310807	5.40412451596	6	33	36	37	40	33886
64	33.72162545	5.32155376008	6	33	36	37	40	33886
65	33.7632945759	5.30540047367	6	34	36	37	40	33886
66	33.7680753113	5.32769263429	6	34	36	37	40	33886
67	33.7743544341	5.28778322721	6	34	36	37	40	33885
68	33.7586247602	5.30415581771	6	34	36	37	40	33885
69	33.7260439723	5.33135280158	6	33	36	37	40	33885
70	33.7382245308	5.31861244974	6	33	36	37	40	33884
71	33.7214614567	5.33467244889	6	33	36	37	40	33884
72	33.7221107307	5.34764179901	6	34	36	37	40	33884
73	33.7216975564	5.35402950753	6	33	36	37	40	33884
74	33.7476685161	5.34466949503	6	34	36	37	40	33884
75	33.7618274651	5.30355323043	6	34	36	37	40	33883
76	33.7864710917	5.29744539939	6	34	36	37	40	33883
77	33.7968892955	5.29020898297	6	34	36	37	40	33883
78	33.7837263524	5.34116493066	6	34	36	37	40	33883
79	33.8248332448	5.29228174573	6	34	36	37	40	33882
80	33.85094451	5.29967742095	6	34	36	37	40	33880
81	33.8607987249	5.29572240596	6	34	36	37	40	33879
82	33.8373033443	5.35252678174	6	34	36	37	40	33879
83	33.8825526137	5.29242764065	6	34	36	37	40	33879
84	33.9168511467	5.28229252991	6	34	36	37	40	33879
85	33.9431177495	5.26804090027	6	34	36	37	40	33877
86	33.9654042566	5.23322360394	6	34	36	37	40	33877
87	33.9650194828	5.20944798256	6	34	36	37	40	33876
88	33.9539765012	5.25086221695	6	34	36	37	40	33874
89	33.948247867	5.22977095171	6	34	36	37	40	33873
90	33.9424859758	5.24366266931	6	34	36	37	40	33870
91	33.9579531698	5.25922295875	6	34	36	37	40	33867
92	33.9558476078	5.25505019027	6	34	36	37	40	33860
93	33.9214568441	5.30743367425	6	34	36	37	40	33854
94	33.8688907275	5.37988418204	6	34	36	37	40	33842
95	33.8789679021	5.36876841823	6	34	36	37	40	33834
96	33.9047337453	5.33286744871	6	34	36	37	40	33821
97	33.9328620863	5.30806531956	6	34	36	37	40	33811
98	33.9319425951	5.31006816645	6	34	36	37	40	33795
99	33.9370151022	5.35699689288	6	34	36	37	40	33770
100	33.9397811842	5.39831550965	6	34	36	37	40	33727
101	33.9554915526	5.39578580735	6	34	36	37	40	33679
102	33.9526373724	5.43118373053	6	34	36	37	40	33613
103	33.9397744899	5.43485171115	6	34	36	37	40	33524
104	33.9149769723	5.45572263934	6	34	36	37	40	33438
105	33.8571043165	5.56324754091	6	34	36	37	40	33360
106	33.8496138938	5.60161892147	6	34	36	37	40	33281
107	33.7972166998	5.70808085346	6	34	36	37	40	33198
108	33.7512691889	5.84366062904	6	34	36	37	40	33092
109	33.7865522782	5.77145654254	6	34	36	37	40	32987
110	33.7999452821	5.76268386299	6	34	36	37	40	32896
111	33.8292430109	5.73028058231	6	34	36	37	40	32801
112	33.8116766009	5.73102217195	6	34	36	37	40	32715
113	33.7886183847	5.7893942938	6	34	36	37	40	32614
114	33.6995258913	5.89822493451	6	34	36	37	40	32482
115	33.6846805092	5.92871152843	6	34	36	37	40	32364
116	33.6840813791	6.00638958949	6	34	36	37	40	32195
117	33.7164248947	5.97921333851	6	34	36	37	40	32055
118	33.7790653971	5.89311231365	6	34	36	37	40	31928
119	33.7966176424	5.92881195389	6	34	36	37	40	31753
120	33.8146471203	5.953689899	6	35	36	37	40	31583
121	33.7929694963	6.02172971088	6	35	36	37	40	31406
122	33.8089801155	6.01264019574	6	35	36	37	40	31180
123	33.7726890212	6.14654241458	6	35	36	37	40	30896
124	33.8288550067	6.04001733344	6	35	36	37	40	30629
125	33.8688799133	5.94872083485	6	35	36	37	40	30453
126	33.8920051473	5.889643552	6	35	36	37	40	30307
127	33.8947873891	5.87975986528	6	35	36	37	40	30196
128	33.8742315999	5.87839758251	6	35	36	37	40	30095
129	33.8934871778	5.8838492888	6	35	36	37	40	29987
130	33.9085463793	5.8410869364	6	35	36	37	40	29884
131	33.9508251823	5.79526047222	6	35	36	37	40	29751
132	33.9762836516	5.75182082291	6	35	36	37	40	29642
133	33.9662441537	5.76489142977	6	35	36	37	40	29506
134	33.9480997139	5.77078932785	6	35	36	37	40	29364
135	33.8599412006	5.9064047331	6	35	36	37	40	29252
136	33.832715159	5.92361352748	6	35	36	37	40	29118
137	33.8209279845	5.93268573261	6	35	36	37	40	28966
138	33.866444768	5.86291966734	6	35	36	37	40	28842
139	33.8917967661	5.86988804031	6	35	36	37	40	28696
140	33.9265750166	5.85105982144	6	35	36	37	40	28587
141	33.9390106802	5.83138607065	6	35	36	37	40	28464
142	33.9537592658	5.81828998164	6	35	36	37	40	28330
143	33.9356569317	5.83727485626	6	35	36	37	40	28146
144	33.9028403806	5.92019970225	6	35	36	37	40	27954
145	33.90791227	5.89434799751	6	35	36	37	40	27767
146	33.9420478829	5.8006187176	6	35	36	37	40	27609
147	33.9377342698	5.76825943594	6	35	36	37	40	27479
148	33.9181173201	5.81467706717	6	35	36	37	40	27344
149	33.9322320117	5.76089304707	6	35	36	37	40	27240
150	33.9486792175	5.7595045485	6	35	36	37	40	27143
151	33.9125277162	5.80683031942	6	35	36	37	40	27060
152	33.9040745139	5.83244423422	6	35	36	37	40	26948
153	33.9130272768	5.80389737429	6	35	36	37	40	26836
154	33.8523909302	5.9037641818	6	35	36	37	40	26726
155	33.8511557978	5.85314496703	6	35	36	37	40	26605
156	33.802731354	5.9247382463	6	35	36	37	40	26507
157	33.8144048522	5.8712035374	6	35	36	37	40	26380
158	33.8100422551	5.93263959249	6	35	36	37	40	26269
159	33.8488358757	5.88914873596	6	35	36	37	40	26157
160	33.8648285396	5.8723433267	6	35	36	37	40	26041
161	33.8656710658	5.89196856066	6	35	36	37	40	25914
162	33.8012022494	5.93933600459	6	35	36	37	40	25785
163	33.7935944449	5.97987139861	6	35	36	37	40	25634
164	33.7792713123	6.00839358555	6	35	36	37	40	25443
165	33.8380036413	5.9359265979	6	35	36	37	40	25266
166	33.8374064639	5.92426160701	6	35	36	37	40	25124
167	33.8327400712	5.90809176598	6	35	36	37	40	25003
168	33.8178529802	5.9162581518	7	35	36	37	40	24881
169	33.780013739	5.93604072079	6	35	36	37	40	24747
170	33.7995453438	5.8927964439	6	35	36	37	40	24634
171	33.7769164865	5.98279929183	6	35	36	37	40	24511
172	33.7997869638	5.93662089661	6	35	36	37	40	24409
173	33.7783403309	6.00640913294	6	35	36	37	40	24294
174	33.7789251931	5.97798618999	6	35	36	37	40	24209
175	33.7679209237	5.97685983052	6	35	36	37	40	24078
176	33.7304837364	5.99935744641	6	34	36	37	40	23980
177	33.7317829457	6.00501293073	6	35	36	37	40	23865
178	33.7186039658	6.05038471016	6	35	36	37	40	23753
179	33.7430564363	5.99690704439	6	35	36	37	40	23655
180	33.7281405116	6.02726771122	6	35	36	37	40	23571
181	33.7238119571	6.01528466774	6	35	36	37	40	23484
182	33.7010569558	6.06454775463	6	35	36	37	40	23369
183	33.7225972909	5.99166401205	6	35	36	37	40	23255
184	33.7180805114	6.01715583787	6	35	36	37	40	23152
185	33.7222246305	6.01652979765	6	35	36	37	40	23069
186	33.7114012185	6.01244778691	6	34	36	37	40	22980
187	33.714042516	6.03102135931	6	35	36	37	40	22909
188	33.7224391314	6.06269658796	6	35	36	37	40	22795
189	33.7261432725	6.05963704073	6	35	36	37	40	22698
190	33.6137198495	6.25597544519	6	35	36	37	40	22595
191	33.6183257013	6.24909855191	6	35	36	37	40	22493
192	33.6348859018	6.20066389373	6	35	36	37	40	22393
193	33.6186611667	6.23160628757	6	35	36	37	40	22303
194	33.6212312123	6.1947268903	6	35	36	37	40	22222
195	33.6028846589	6.20922632765	6	35	36	37	40	22117
196	33.5779724883	6.24594604654	6	34	36	37	40	22027
197	33.5696571845	6.31017126555	6	35	36	37	40	21936
198	33.5915705656	6.24461973281	6	34	36	37	40	21852
199	33.5868156116	6.21296788715	6	34	36	37	40	21753
200	33.5583594759	6.25369528687	6	34	36	37	40	21676
201	33.5468518519	6.25629951865	6	34	36	37	40	21600
202	33.5234730873	6.27983844137	6	34	36	37	40	21514
203	33.4723285114	6.35359348778	6	34	36	37	40	21430
204	33.5138745664	6.29153667986	6	34	36	37	40	21334
205	33.5187502941	6.25699600169	6	34	36	37	40	21253
206	33.5004486423	6.30105573524	6	34	36	37	40	21175
207	33.5129275582	6.28717137691	6	34	36	37	40	21079
208	33.5354675813	6.29343352968	6	34	36	37	40	20991
209	33.5628080586	6.25992250033	6	34	36	37	40	20897
210	33.5591656253	6.26523681621	6	34	36	37	40	20806
211	33.5564889919	6.28963088806	6	34	36	37	40	20712
212	33.5329446064	6.28865195229	6	34	36	37	40	20580
213	33.5348757749	6.24718165982	6	34	36	37	40	20487
214	33.5049019608	6.25289191315	6	34	36	37	40	20400
215	33.4576362921	6.30477288568	6	34	36	37	40	20324
216	33.4367969213	6.32001333485	6	34	36	37	40	20268
217	32.4440594059	6.8004623948	6	32	35	36	40	20200
218	32.4258256767	6.7939525558	6	32	35	36	40	20135
219	32.4132103689	6.81051867533	6	32	35	36	40	20060
220	32.3900350526	6.8396316215	6	32	35	36	40	19970
221	32.4011361922	6.83441419669	6	32	35	36	40	19891
222	32.4077365923	6.74563244857	6	32	35	36	40	19802
223	32.338170379	6.82424214263	7	32	35	36	40	19709
224	32.2894696544	6.80939138287	7	31	35	36	40	19591
225	32.2360512821	6.88906199236	6	31	35	36	40	19500
226	32.198153116	6.89209696402	6	31	35	36	40	19384
227	32.1696822023	6.88221409955	6	31	35	36	40	19289
228	32.1552992746	6.87117288933	6	31	35	36	40	19163
229	32.0850125945	6.96663819466	6	31	35	36	40	19056
230	32.0476920637	6.99256683903	6	31	35	36	40	18913
231	32.0233166151	6.95460369061	6	31	35	36	40	18742
232	31.9626138016	7.04311247655	6	31	35	36	40	18563
233	31.9005386583	7.07640693662	6	31	35	36	40	18379
234	31.8389988999	7.12264274719	7	30	35	36	40	18180
235	31.7990971913	7.1028335869	7	30	35	36	40	17944
236	31.7450636492	7.11850758302	6	30	35	36	40	17675
237	31.708952228	7.13343286577	6	30	35	36	40	17437
238	31.6810169294	7.16337496427	6	30	35	36	40	17189
239	31.641798973	7.17985332887	6	30	35	36	40	16943
240	31.6376915709	7.14653339424	6	30	35	36	40	16704
241	31.581102458	7.21565283973	6	30	35	36	40	16436
242	31.5714285714	7.16162561283	6	30	35	36	40	16149
243	31.4847987889	7.17072377179	6	29	35	36	40	15854
244	31.3540056672	7.25930858122	6	29	35	36	40	15528
245	31.276691036	7.30757462375	6	29	35	36	40	15183
246	26.3975025312	6.04255702909	6	25	29	31	34	14815
247	26.3471245345	6.06811765986	6	24	29	31	34	14502
248	26.2749557209	6.10220620469	6	24	29	31	34	14115
249	26.2633347947	6.05327065291	6	23	29	31	34	13686
250	26.2317183952	6.07953013419	6	23	29	31	34	13210
251	26.1405906378	6.07781048414	6	22	29	31	34	12732
252	26.0109557681	6.18989847789	6	22	29	31	34	12231
253	25.9040498975	6.25799837203	6	22	28	31	34	11704
254	25.8434728071	6.26828184254	6	22	28	31	34	11161
255	25.8074053084	6.29561982374	6	22	28	31	34	10587
256	25.7696058917	6.29720463924	6	22	28	31	34	10048
257	25.6766335599	6.38273585388	6	22	28	31	34	9565
258	25.6480335837	6.33679494451	6	22	28	31	34	9052
259	25.6175266175	6.43626782166	6	22	28	31	34	8547
260	25.5309373842	6.44791863062	6	22	28	31	34	8097
261	25.3822216387	6.56247667973	6	22	28	31	34	7616
262	25.2403602589	6.57799484193	6	22	28	31	34	7106
263	25.1478862645	6.55516221313	6	22	28	31	34	6647
264	25.0066332309	6.63152625412	6	21	28	31	34	6181
265	24.9227557411	6.69484118387	6	21	28	30	34	5748
266	24.7535437535	6.77129241397	6	21	27	30	34	5291
267	24.7503560529	6.68612372632	6	21	27	30	34	4915
268	24.680017703	6.74957257018	7	21	27	30	34	4519
269	24.6701279884	6.81557244384	7	21	27	30	34	4141
270	24.5286691215	6.88549132664	7	20	27	30	34	3802
271	24.4061423651	6.81978149392	6	20	27	30	34	3484
272	24.2118564743	6.97317737484	6	20	27	30	34	3205
273	24.0878517502	7.02908258902	6	19	27	30	34	2914
274	23.9500372856	7.04785435607	6	19	26	30	34	2682
275	23.7785858586	7.19068901488	6	18	26	30	34	2475
276	23.4880361174	7.26792190239	6	18	25	30	34	2215
277	23.1914257228	7.46130475116	6	18	25	30	34	2006
278	23.2365236524	7.3034055743	6	17	25	30	34	1818
279	22.8890229192	7.5165309758	6	16	25	30	34	1658
280	22.8532716457	7.42766824064	6	16	25	30	34	1513
281	22.6054519369	7.42422832589	6	16	25	29	32	1394
282	22.3979511426	7.47983802441	6	16	25	29	32	1269
283	22.1050347222	7.58950592414	6	16	25	29	32	1152
284	21.7887850467	7.67013240889	6	15	23	29	32	1070
285	21.6622851365	7.65786642967	7	14	22	29	32	989
286	21.5135135135	7.81267985636	7	13	22	29	33	925
287	21.2831962397	7.98518847295	7	13	22	29	32	851
288	21.4035087719	7.82333720275	7	13	22	29	32	798
289	21.1215323646	7.98119640539	7	13	22	29	32	757
290	20.8267605634	8.02198069423	6	13	22	29	32	710
291	20.715339233	7.92394241059	6	13	22	29	32	678
292	20.6144393241	7.97305310408	6	13	22	28	34	651
293	20.4860426929	7.81510549846	6	13	21	28	32	609
294	19.9180035651	8.0863893766	6	12	21	28	32	561
295	20.0474383302	7.83283209539	7	12	20	28	32	527
296	20.0728744939	7.88293873886	6	12	21	28	34	494
297	19.7090517241	7.91282442997	6	12	20	27	33	464
298	19.2320185615	7.83058971076	6	11	19	27	32	431
299	18.9631449631	7.8405361946	6	11	18	26	31	407
300	19.1472868217	7.5971436975	7	11	19	26	31	387
301	19.0163043478	7.51164439812	7	11	19	26	34	368
302	18.5925925926	7.70727684738	6	11	18	25	33	351
303	18.413897281	7.72918437669	7	11	17	25	34	331
304	18.115755627	7.59113081751	6	11	16	25	31	311
305	17.9900332226	7.86658971001	6	11	16	25	31	301
306	18.2508833922	7.66894522396	7	11	16	25	31	283
307	18.021978022	7.78428567217	7	11	15	25	32	273
308	18.1553784861	7.85797435451	7	11	15	26	31	251
309	18.1729957806	7.95748958928	7	11	16	26	34	237
310	17.8805309735	7.75335750535	7	11	15	25	32	226
311	17.5821596244	7.77022989831	7	11	15	25	32	213
312	17.0808080808	7.72125652918	7	11	15	24	34	198
313	16.914893617	7.4124617927	7	11	15	22	31	188
314	17.156424581	7.34373543	6	11	15	22	31	179
315	16.4337349398	7.4161049502	6	11	13	22	31	166
316	16.2151898734	7.56318755649	6	11	13	22	31	158
317	15.6013071895	7.57796309016	6	11	13	21	31	153
318	16.0612244898	7.39142829154	6	11	13	22	31	147
319	15.776119403	7.51003518213	6	11	13	22	31	134
320	15.6666666667	7.0599036244	7	11	13	21	31	132
321	15.2520325203	6.98193629014	7	11	13	21	31	123
322	15.1101694915	6.88958572223	7	11	13	19	31	118
323	14.8584070796	7.17120638466	7	11	12	18	31	113
324	14.219047619	7.29328056446	6	11	12	17	31	105
325	14.44	6.88919517077	6	11	11	18	31	100
326	14.4479166667	6.76814487786	6	11	11	18	31	96
327	14.5434782609	6.85230857622	6	11	11	19	31	92
328	13.6352941176	6.42325955457	6	11	11	16	31	85
329	13.1445783133	6.22961559735	6	11	11	15	31	83
330	12.7721518987	5.87028450603	6	8	11	13	28	79
331	13.4285714286	5.98557162426	6	11	11	15	31	77
332	13.4415584416	6.30057120738	6	11	11	13	31	77
333	13.4054054054	6.34168405731	7	11	11	14	31	74
334	12.7945205479	5.86173775928	7	11	11	15	31	73
335	13.4794520548	5.59292606046	7	11	11	16	31	73
336	12.8169014085	5.83905535206	7	11	11	14	31	71
337	12.3676470588	5.46332251368	7	11	11	13	30	68
338	12.5909090909	4.93021226794	6	11	11	13	31	66
339	12.2615384615	4.85823052625	6	11	11	14	31	65
340	12.2258064516	4.38858188693	6	11	11	13	31	62
341	12.4516129032	5.71359442823	6	11	11	12	31	62
342	12.5573770492	6.13874197254	6	11	11	15	30	61
343	12.4333333333	5.79118753861	6	11	11	13	28	60
344	11.4035087719	4.60147355716	6	11	11	13	27	57
345	11.1851851852	4.18476154761	6	11	11	11	27	54
346	11.8301886792	4.5392978492	6	11	11	13	27	53
347	11.3333333333	5.03454731497	6	8	11	13	27	51
348	11.4285714286	5.13565964604	6	8	11	12	27	49
349	11.6530612245	5.06849344977	6	11	11	11	27	49
350	11.3958333333	4.50880737797	6	10	11	11	27	48
351	11.2127659574	5.14120680391	6	8	11	11	28	47
352	11.5555555556	4.10407533355	6	11	11	13	25	45
353	11.6666666667	4.69525873041	6	11	11	14	25	45
354	11.3333333333	4.5726459418	6	11	11	13	25	45
355	11.7380952381	5.23151577069	6	8	11	13	28	42
356	11.475	5.04333782432	6	7	11	14	28	40
357	11.358974359	4.90159576318	6	7	11	14	28	39
358	11.1578947368	5.22223062928	6	8	11	13	28	38
359	11.5277777778	4.77784237682	6	8	11	14	28	36
360	12.2285714286	4.47269963409	7	11	11	13	30	35
361	12.3235294118	4.97094947479	7	11	11	12	30	34
362	11.5	4.77223150616	7	8	11	12	27	32
363	11.40625	3.92559323645	6	8	11	13	23	32
364	11.09375	3.84673615319	6	8	11	11	23	32
365	11.90625	4.26810659086	6	11	11	12	27	32
366	12.1875	4.74129082737	7	11	11	12	27	32
367	12.1875	4.38794168809	7	11	11	15	23	32
368	13.0	4.52947337251	7	11	11	15	23	32
369	12.7096774194	4.72718061419	7	8	11	15	24	31
370	12.8064516129	4.89502710131	7	8	11	16	24	31
371	12.9333333333	4.9475408962	7	11	11	17	24	30
372	12.5172413793	4.70274000417	7	8	11	16	24	29
373	12.4827586207	4.58741048691	7	8	11	15	27	29
374	11.8275862069	4.6680446007	7	8	11	12	27	29
375	12.6206896552	4.7914640851	7	8	11	16	27	29
376	11.724137931	5.22969919733	7	8	11	15	27	29
377	12.8148148148	4.9616764927	7	8	11	16	27	27
378	13.1111111111	5.13160143945	7	8	11	18	27	27
379	13.5384615385	5.14766563973	7	11	12	18	27	26
380	13.68	4.98096376216	7	11	12	16	27	25
381	12.72	5.27983585603	6	8	11	14	27	25
382	12.32	4.46019431565	6	11	11	13	25	25
383	12.7916666667	4.0644713723	6	11	11	16	21	24
384	12.5217391304	3.74007249829	6	11	11	16	21	23
385	11.7391304348	3.87553387882	6	11	11	14	20	23
386	11.5909090909	3.62082719974	6	11	11	14	20	22
387	11.3333333333	3.96652660817	6	11	11	11	21	21
388	11.8095238095	4.29673186991	6	11	11	14	21	21
389	11.1904761905	3.77649371268	6	11	11	11	22	21
390	11.2380952381	4.04851530693	6	7	11	11	21	21
391	12.0	3.76968517463	7	11	11	15	21	20
392	12.05	3.25212481148	7	11	11	15	20	20
393	12.1	3.35449423594	7	11	11	15	18	20
394	12.3	3.38883616103	7	11	11	15	18	20
395	11.85	1.92695560269	7	11	11	13	17	20
396	10.9	2.71254396035	6	11	11	13	17	20
397	10.5	2.85620285289	6	8	11	11	17	20
398	10.75	2.29128784748	7	11	11	11	17	20
399	11.7	3.51088532844	7	11	11	13	21	20
400	12.15	4.08173079903	6	11	11	16	19	20
401	10.45	4.35859707028	6	8	11	13	19	20
402	10.25	3.38533991141	6	8	11	11	19	20
403	10.4736842105	2.79619624674	6	8	11	11	16	19
404	11.5263157895	3.22091120738	6	11	11	11	19	19
405	11.5263157895	3.13348263922	6	11	11	11	19	19
406	10.7894736842	2.95482557049	6	8	11	11	19	19
407	9.11111111111	2.90818093314	6	8	11	11	12	18
408	10.7222222222	2.27015302816	7	8	11	11	15	18
409	10.7222222222	4.50888737489	7	8	11	12	22	18
410	11.3888888889	4.90064688274	7	8	11	13	22	18
411	11.8888888889	4.98100968844	7	8	11	15	22	18
412	11.7222222222	4.90864250499	7	8	11	15	22	18
413	10.5882352941	4.92517542238	7	8	11	12	23	17
414	10.75	3.67876790969	7	8	11	11	23	16
415	10.4375	2.1281838893	7	8	11	11	15	16
416	10.4375	2.65753645318	7	8	11	12	16	16
417	10.4375	2.94321253055	6	8	11	12	16	16
418	10.4375	2.55522340837	6	8	11	11	16	16
419	10.1875	2.71339271024	6	8	11	11	16	16
420	9.125	3.53789014339	6	7	11	11	14	16
421	10.125	3.94757309411	6	7	11	11	19	16
422	9.875	3.96442513697	6	7	8	12	19	16
423	9.375	3.5	6	7	8	12	18	16
424	10.875	4.12916456441	6	7	11	15	18	16
425	11.625	3.57537876781	6	11	11	15	19	16
426	11.375	3.55668384876	6	11	11	14	19	16
427	11.125	3.40342964278	6	8	11	15	18	16
428	10.0	2.60768096208	6	8	11	11	15	16
429	9.75	2.72029410175	6	7	11	11	15	16
430	9.53333333333	3.37779866326	6	7	11	11	18	15
431	8.86666666667	2.44559857314	6	7	8	11	13	15
432	9.8	2.42604911033	6	7	11	11	13	15
433	9.73333333333	2.15362374571	6	8	11	11	13	15
434	9.92857142857	2.61546541569	6	7	11	11	14	14
435	10.2307692308	2.55453342621	6	7	11	12	13	13
436	10.5384615385	2.87562702193	6	7	11	13	15	13
437	9.41666666667	2.57464325272	6	7	11	11	13	12
438	9.91666666667	2.64431923988	6	7	11	12	13	12
439	9.25	2.83244192751	6	7	11	12	13	12
440	10.25	3.79293601796	6	7	11	12	19	12
441	10.0909090909	3.64566990976	6	8	11	11	19	11
442	11.0	4.5607017004	6	8	11	12	23	11
443	9.81818181818	4.70782713825	6	7	8	11	23	11
444	9.45454545455	4.7615887341	6	7	8	11	23	11
445	9.90909090909	4.63582884616	7	7	8	11	23	11
446	9.81818181818	5.8960695691	7	7	8	11	27	11
447	10.3636363636	5.98786651943	7	7	8	11	27	11
448	10.8181818182	6.03022689156	6	7	8	12	27	11
449	10.5454545455	5.82002811615	6	7	8	11	27	11
450	10.0909090909	5.90685272297	6	7	8	11	27	11
451	9.63636363636	6.02117475702	6	6	8	11	27	11
452	8.72727272727	4.62797815662	6	6	7	8	22	11
453	9.27272727273	5.51526806404	6	6	7	11	25	11
454	9.72727272727	5.42385304172	6	7	8	11	25	11
455	10.0	5.45893762558	6	7	8	11	25	11
456	10.9	5.52670285473	6	7	11	13	23	10
457	11.5	5.29674952736	6	7	11	14	23	10
458	10.1	3.72528895225	6	7	11	13	17	10
459	10.0	2.62466929134	6	8	11	11	14	10
460	9.9	1.96920739837	7	8	11	11	13	10
461	8.6	2.27058484879	6	7	8	11	13	10
462	9.5	3.20589734361	6	7	8	13	15	10
463	9.0	2.74873708375	6	7	8	11	13	10
464	7.55555555556	3.50396600694	6	6	8	11	11	9
465	9.5	2.1380899353	6	8	11	11	11	8
466	9.57142857143	2.93582145558	6	7	11	11	14	7
467	9.71428571429	2.21466970557	6	7	11	11	11	7
468	8.57142857143	4.19750492782	7	7	11	11	12	7
469	9.57142857143	2.14919697074	7	7	11	11	12	7
470	8.5	2.4289915603	6	7	8	11	12	6
471	9.16666666667	2.48327740429	6	7	11	11	12	6
472	9.5	3.0166206258	6	7	11	11	14	6
473	10.0	2.96647939484	6	7	11	11	14	6
474	10.0	2.96647939484	6	7	11	11	14	6
475	10.3333333333	2.50333111407	7	8	11	11	14	6
476	9.83333333333	3.31159578854	6	7	11	13	14	6
477	10.1666666667	5.63619256827	6	7	7	14	20	6
478	11.1666666667	5.26940856896	7	7	12	14	20	6
479	12.0	4.8579831206	7	7	12	14	20	6
480	12.5	4.76445169983	7	7	14	17	18	6
481	11.0	4.472135955	7	7	12	14	18	6
482	11.0	4.472135955	7	7	12	14	18	6
483	11.0	3.40587727319	7	7	12	14	15	6
484	11.0	3.40587727319	7	7	12	14	15	6
485	10.3333333333	2.8047578624	7	7	11	12	14	6
486	9.16666666667	3.25064096244	7	7	8	11	15	6
487	8.66666666667	3.14112506384	7	7	8	8	15	6
488	7.16666666667	0.408248290464	7	7	7	7	8	6
489	7.5	1.76068168617	6	7	7	7	11	6
490	7.5	1.76068168617	6	7	7	7	11	6
491	8.16666666667	2.22860195339	6	7	7	11	11	6
492	8.16666666667	2.22860195339	6	7	7	11	11	6
493	10.6666666667	5.42832079622	7	7	11	11	21	6
494	10.0	2.36643191324	7	7	11	12	12	6
495	10.0	2.0	7	8	11	11	12	6
496	10.0	2.0	7	8	11	11	12	6
497	10.0	3.46410161514	7	7	11	11	16	6
498	9.66666666667	3.26598632371	7	7	11	11	15	6
499	10.1666666667	3.37144874893	7	7	11	13	15	6
500	10.1666666667	2.9268868558	7	8	11	13	14	6
501	8.33333333333	1.9663841605	6	8	8	8	12	6
502	8.33333333333	1.9663841605	6	8	8	8	12	6
503	9.33333333333	2.3380903889	6	8	11	11	12	6
504	9.33333333333	2.3380903889	6	8	11	11	12	6
505	10.5	4.59347363114	6	8	11	11	19	6
506	10.5	4.59347363114	6	8	11	11	19	6
507	10.6666666667	4.96655480858	6	8	11	11	20	6
508	12.3333333333	5.53774924195	6	8	11	18	20	6
509	11.6666666667	5.2025634707	6	8	11	13	21	6
510	9.16666666667	2.9268868558	6	6	11	11	13	6
511	8.83333333333	2.48327740429	6	6	11	11	11	6
512	8.66666666667	2.58198889747	6	6	11	11	11	6
513	10.1666666667	3.0605010483	6	7	11	12	14	6
514	8.33333333333	2.58198889747	6	6	8	11	12	6
515	8.83333333333	2.78687399548	6	6	11	11	12	6
516	11.3333333333	4.96655480858	6	6	11	16	18	6
517	12.0	4.51663591625	6	8	14	15	18	6
518	10.1666666667	2.78687399548	6	8	11	11	14	6
519	11.0	3.16227766017	6	11	11	11	16	6
520	10.5	3.39116499156	6	8	11	11	16	6
521	12.0	5.05964425627	6	8	11	17	19	6
522	11.3333333333	5.46504040851	6	7	11	17	19	6
523	10.5	4.76445169983	6	7	11	12	19	6
524	12.3333333333	5.98887858173	6	7	11	18	21	6
525	12.3333333333	5.98887858173	6	7	11	18	21	6
526	12.3333333333	5.98887858173	6	7	11	18	21	6
527	9.6	2.96647939484	6	7	11	11	13	5
528	10.0	4.18330013267	6	7	8	14	15	5
529	10.0	4.18330013267	6	7	8	14	15	5
530	10.2	3.19374388453	6	8	11	12	14	5
531	9.8	3.96232255123	6	7	8	13	15	5
532	9.4	2.70185121722	6	7	11	11	12	5
533	9.6	2.5099800796	6	8	11	11	12	5
534	10.0	3.08220700148	6	8	11	11	14	5
535	10.6	1.51657508881	8	11	11	11	12	5
536	10.0	1.87082869339	8	8	11	11	12	5
537	10.4	1.3416407865	8	11	11	11	11	5
538	10.8	1.64316767252	8	11	11	12	12	5
539	10.4	1.3416407865	8	11	11	11	11	5
540	9.6	1.94935886896	7	8	11	11	11	5
541	8.4	2.40831891576	6	7	7	11	11	5
542	8.0	1.87082869339	6	7	8	8	11	5
543	7.2	0.836660026534	6	7	7	8	8	5
544	8.4	2.40831891576	6	7	7	11	11	5
545	7.8	1.92353840617	6	7	7	8	11	5
546	7.8	1.92353840617	6	7	7	8	11	5
547	8.4	2.40831891576	6	7	7	11	11	5
548	8.4	2.40831891576	6	7	7	11	11	5
549	8.4	2.40831891576	6	7	7	11	11	5
550	8.4	2.40831891576	6	7	7	11	11	5
551	8.75	2.62995563968	6	7	11	11	11	4
552	8.75	2.62995563968	6	7	11	11	11	4
553	8.75	2.62995563968	6	7	11	11	11	4
554	11.75	4.57347424467	7	11	11	18	18	4
555	11.75	4.57347424467	7	11	11	18	18	4
556	8.25	1.8929694486	7	7	8	11	11	4
557	8.25	1.8929694486	7	7	8	11	11	4
558	11.0	4.96655480858	7	8	11	18	18	4
559	9.0	2.30940107676	7	7	11	11	11	4
560	9.0	2.30940107676	7	7	11	11	11	4
561	9.0	2.30940107676	7	7	11	11	11	4
562	9.0	2.30940107676	7	7	11	11	11	4
563	10.25	3.59397644214	7	8	11	15	15	4
564	10.25	3.59397644214	7	8	11	15	15	4
565	10.25	3.59397644214	7	8	11	15	15	4
566	10.0	4.54606056566	6	7	11	16	16	4
567	10.0	4.54606056566	6	7	11	16	16	4
568	8.0	2.16024689947	6	7	8	11	11	4
569	9.0	2.44948974278	6	8	11	11	11	4
570	8.75	2.62995563968	6	7	11	11	11	4
571	12.75	4.78713553878	7	11	15	18	18	4
572	12.25	1.8929694486	11	11	12	15	15	4
573	11.0	2.82842712475	7	11	13	13	13	4
574	10.5	2.51661147842	7	11	11	13	13	4
575	10.5	2.51661147842	7	11	11	13	13	4
576	9.25	3.3040379336	6	7	11	13	13	4
577	9.25	3.3040379336	6	7	11	13	13	4
578	10.25	2.98607881119	6	11	11	13	13	4
579	10.25	2.98607881119	6	11	11	13	13	4
580	10.25	2.98607881119	6	11	11	13	13	4
581	10.25	2.98607881119	6	11	11	13	13	4
582	9.5	3.69684550214	6	7	11	14	14	4
583	10.5	4.65474668126	6	7	14	15	15	4
584	11.75	3.59397644214	7	11	14	15	15	4
585	8.5	1.73205080757	7	8	8	11	11	4
586	8.5	1.73205080757	7	8	8	11	11	4
587	8.5	1.73205080757	7	8	8	11	11	4
588	8.5	1.73205080757	7	8	8	11	11	4
589	8.5	1.73205080757	7	8	8	11	11	4
590	11.75	7.08872343938	7	7	11	22	22	4
591	11.75	7.08872343938	7	7	11	22	22	4
592	13.0	6.16441400297	8	11	11	22	22	4
593	9.0	2.44948974278	6	8	11	11	11	4
594	10.0	3.91578004149	6	8	11	15	15	4
595	9.0	2.44948974278	6	8	11	11	11	4
596	9.0	2.44948974278	6	8	11	11	11	4
597	9.0	2.44948974278	6	8	11	11	11	4
598	8.5	2.88675134595	6	6	11	11	11	4
599	8.5	2.88675134595	6	6	11	11	11	4
600	10.0	2.70801280155	6	11	11	12	12	4
601	10.0	2.70801280155	6	11	11	12	12	4
602	10.0	2.70801280155	6	11	11	12	12	4
603	10.0	2.70801280155	6	11	11	12	12	4
604	13.0	3.36650164612	11	11	12	18	18	4
605	11.0	3.74165738677	6	11	12	15	15	4
606	11.25	3.77491721764	6	12	12	15	15	4
607	10.25	2.87228132327	6	11	12	12	12	4
608	10.5	2.38047614285	7	11	12	12	12	4
609	10.25	2.21735578261	7	11	11	12	12	4
610	11.25	3.3040379336	7	11	12	15	15	4
611	8.66666666667	2.88675134595	7	7	7	12	12	3
612	8.66666666667	2.88675134595	7	7	7	12	12	3
613	8.66666666667	2.88675134595	7	7	7	12	12	3
614	8.66666666667	2.88675134595	7	7	7	12	12	3
615	9.0	2.64575131106	7	7	8	12	12	3
616	8.33333333333	3.21455025366	6	6	7	12	12	3
617	8.33333333333	3.21455025366	6	6	7	12	12	3
618	12.0	6.0	6	6	12	18	18	3
619	10.0	3.46410161514	6	6	12	12	12	3
620	10.3333333333	3.7859388972	6	6	12	13	13	3
621	10.3333333333	3.7859388972	6	6	12	13	13	3
622	10.3333333333	3.7859388972	6	6	12	13	13	3
623	10.0	3.60555127546	6	6	11	13	13	3
624	10.6666666667	4.50924975282	6	6	11	15	15	3
625	10.3333333333	4.04145188433	6	6	11	14	14	3
626	10.3333333333	4.04145188433	6	6	11	14	14	3
627	8.66666666667	4.61880215352	6	6	6	14	14	3
628	8.66666666667	4.61880215352	6	6	6	14	14	3
629	8.66666666667	4.61880215352	6	6	6	14	14	3
630	8.66666666667	4.61880215352	6	6	6	14	14	3
631	10.3333333333	4.04145188433	6	6	11	14	14	3
632	8.66666666667	4.61880215352	6	6	6	14	14	3
633	9.0	4.35889894354	6	6	7	14	14	3
634	10.6666666667	3.51188458428	7	7	11	14	14	3
635	10.6666666667	3.51188458428	7	7	11	14	14	3
636	11.3333333333	0.57735026919	11	11	11	12	12	3
637	11.0	0.0	11	11	11	11	11	3
638	9.33333333333	2.88675134595	6	6	11	11	11	3
639	9.33333333333	2.88675134595	6	6	11	11	11	3
640	9.33333333333	2.88675134595	6	6	11	11	11	3
641	9.33333333333	2.88675134595	6	6	11	11	11	3
642	7.66666666667	2.88675134595	6	6	6	11	11	3
643	7.66666666667	2.88675134595	6	6	6	11	11	3
644	9.66666666667	3.21455025366	6	6	11	12	12	3
645	9.66666666667	3.21455025366	6	6	11	12	12	3
646	8.33333333333	3.21455025366	6	6	7	12	12	3
647	8.0	2.64575131106	6	6	7	11	11	3
648	11.3333333333	0.57735026919	11	11	11	12	12	3
649	10.0	2.64575131106	7	7	11	12	12	3
650	10.6666666667	3.21455025366	7	7	12	13	13	3
651	10.6666666667	3.21455025366	7	7	12	13	13	3
652	9.5	0.0	7	7	12	12	12	2
653	16.0	0.0	11	11	21	21	21	2
654	12.5	0.0	11	11	14	14	14	2
655	12.5	0.0	11	11	14	14	14	2
656	12.5	0.0	11	11	14	14	14	2
657	10.5	0.0	7	7	14	14	14	2
658	12.5	0.0	11	11	14	14	14	2
659	12.5	0.0	11	11	14	14	14	2
660	11.0	0.0	8	8	14	14	14	2
661	11.0	0.0	8	8	14	14	14	2
662	11.0	0.0	8	8	14	14	14	2
663	7.0	0.0	6	6	8	8	8	2
664	7.0	0.0	6	6	8	8	8	2
665	9.5	0.0	8	8	11	11	11	2
666	9.5	0.0	8	8	11	11	11	2
667	13.0	0.0	11	11	15	15	15	2
668	15.0	0.0	11	11	19	19	19	2
669	11.0	0.0	11	11	11	11	11	2
670	11.0	0.0	11	11	11	11	11	2
671	11.0	0.0	11	11	11	11	11	2
672	11.0	0.0	11	11	11	11	11	2
673	8.5	0.0	6	6	11	11	11	2
674	11.0	0.0	11	11	11	11	11	2
675	11.0	0.0	11	11	11	11	11	2
676	9.0	0.0	6	6	12	12	12	2
677	10.0	0.0	6	6	14	14	14	2
678	10.0	0.0	6	6	14	14	14	2
679	10.0	0.0	6	6	14	14	14	2
680	10.0	0.0	6	6	14	14	14	2
681	12.5	0.0	11	11	14	14	14	2
682	12.5	0.0	11	11	14	14	14	2
683	13.0	0.0	12	12	14	14	14	2
684	16.5	0.0	14	14	19	19	19	2
685	16.5	0.0	14	14	19	19	19	2
686	16.5	0.0	14	14	19	19	19	2
687	16.5	0.0	14	14	19	19	19	2
688	10.0	0.0	6	6	14	14	14	2
689	10.0	0.0	6	6	14	14	14	2
690	10.0	0.0	6	6	14	14	14	2
691	10.0	0.0	6	6	14	14	14	2
692	6.0	0.0	6	6	6	6	6	2
693	6.0	0.0	6	6	6	6	6	1
694	14.0	0.0	14	14	14	14	14	1
695	14.0	0.0	14	14	14	14	14	1
696	14.0	0.0	14	14	14	14	14	1
697	13.0	0.0	13	13	13	13	13	1
698	13.0	0.0	13	13	13	13	13	1
699	13.0	0.0	13	13	13	13	13	1
700	13.0	0.0	13	13	13	13	13	1
701	12.0	0.0	12	12	12	12	12	1
702	13.0	0.0	13	13	13	13	13	1
703	13.0	0.0	13	13	13	13	13	1
704	13.0	0.0	13	13	13	13	13	1
705	13.0	0.0	13	13	13	13	13	1
706	14.0	0.0	14	14	14	14	14	1
707	18.0	0.0	18	18	18	18	18	1
708	6.0	0.0	6	6	6	6	6	1
709	15.0	0.0	15	15	15	15	15	1
710	15.0	0.0	15	15	15	15	15	1
711	15.0	0.0	15	15	15	15	15	1
712	15.0	0.0	15	15	15	15	15	1
713	15.0	0.0	15	15	15	15	15	1
714	15.0	0.0	15	15	15	15	15	1
715	15.0	0.0	15	15	15	15	15	1
716	15.0	0.0	15	15	15	15	15	1
717	22.0	0.0	22	22	22	22	22	1
718	22.0	0.0	22	22	22	22	22	1
719	22.0	0.0	22	22	22	22	22	1
720	22.0	0.0	22	22	22	22	22	1
721	22.0	0.0	22	22	22	22	22	1
722	22.0	0.0	22	22	22	22	22	1
723	22.0	0.0	22	22	22	22	22	1
724	6.0	0.0	6	6	6	6	6	1
725	6.0	0.0	6	6	6	6	6	1
726	6.0	0.0	6	6	6	6	6	1
727	6.0	0.0	6	6	6	6	6	1
728	6.0	0.0	6	6	6	6	6	1
729	6.0	0.0	6	6	6	6	6	1
730	6.0	0.0	6	6	6	6	6	1
731	6.0	0.0	6	6	6	6	6	1
732	21.0	0.0	21	21	21	21	21	1
733	21.0	0.0	21	21	21	21	21	1
734	21.0	0.0	21	21	21	21	21	1
735	7.0	0.0	7	7	7	7	7	1
736	7.0	0.0	7	7	7	7	7	1
737	7.0	0.0	7	7	7	7	7	1
738	7.0	0.0	7	7	7	7	7	1
739	7.0	0.0	7	7	7	7	7	1
740	7.0	0.0	7	7	7	7	7	1
741	7.0	0.0	7	7	7	7	7	1
742	7.0	0.0	7	7	7	7	7	1
743	7.0	0.0	7	7	7	7	7	1
744	7.0	0.0	7	7	7	7	7	1
745	7.0	0.0	7	7	7	7	7	1
746	7.0	0.0	7	7	7	7	7	1
747	6.0	0.0	6	6	6	6	6	1
748	6.0	0.0	6	6	6	6	6	1
749	6.0	0.0	6	6	6	6	6	1
750	6.0	0.0	6	6	6	6	6	1
751	6.0	0.0	6	6	6	6	6	1
752	6.0	0.0	6	6	6	6	6	1
753	11.0	0.0	11	11	11	11	11	1
754	11.0	0.0	11	11	11	11	11	1
755	11.0	0.0	11	11	11	11	11	1
756	11.0	0.0	11	11	11	11	11	1
757	11.0	0.0	11	11	11	11	11	1
758	11.0	0.0	11	11	11	11	11	1
759	11.0	0.0	11	11	11	11	11	1
760	11.0	0.0	11	11	11	11	11	1
761	11.0	0.0	11	11	11	11	11	1
762	11.0	0.0	11	11	11	11	11	1
763	11.0	0.0	11	11	11	11	11	1

Average quality string
CCBBBBBAAAAAABBBBBBBBBBBBBBBBBBAAAAAAAAAAAAAAAAAAAAAABBBBBBBBBBBBBBBBBBBBBBBBBBBBBBBBBBBBBBBBBBBBBBBBBBBBBBBBBBBBBBBBBBBBBBBBBBBBBBBBBBBBBBBBBBBBBBBBBBBBBBBBBBBBBBBBBBBBBBBBBBBBBBBBBBBBBBBBBBBBBBBBBBBBBBBBBBBBBBBBBBBAAAAAAAAAAAAAAA@@@@@@@@@@@@@@;;;;;;;::::::::::::9999999998888877777666666555545544344333233332221211010000/////..-...-.--------,,,,,,,,,,,,,,,,--,,,,--.-----,-,-...----,,,,,,----,+++,-+++,,+*++,,,+++++++*+**+,,,+**)***++***++,****++++*)**++,++*)**(***)*)**+++*+,--,,,,+*)((())+++++*++))**+++-,*))+)),-+,+-,+---*+++***++++++*))()(())))))),,)),****+++++)*)--,++**++++*+,))))),,.*+***))++++.,,+++,))))*))-++++++++))))+)*++,,****((**)),+++*1---+--,,,((**.0,,,,),,*++++--.1111++++''///....-..../3'000000007777777''''''''666(((((((((((('''''',,,,,,,,,,,
